Probability of Detection = 0.983558750523
Mean = -51.7339804
Stdev = 4.78910176951
Probability of False Alarm = 0.0157515685414
Mean = -76.2183279469
Stdev = 6.67928860324
